21
1  OP 8 14 5 7 3
2 3 1 14 5 6 8
3 14 1 5 12 15 8 OP 7 6 10
4 14 8 5 7 1 17 18 19 20 21
5 1 16 19 20 21
6 14 10 5 8 OP 1 6 3
7 15 11 20 12 19 5 OP 1 6 4
8 14 15 OP 1
9 14 5 13 11 1
10 1 8 14 5 3 11 12
11 OP 1 14
12 OP 5 13 15 8 17 7 19
13 OP 8 3 18 14
14 14 13 5 1 7 6
15 8 14 1 5 15 7 OP
16 8 1 17 5
17 14 8 7 15 17 5 18 6 13 20
18 2 OP 4 16 19
19 15 16 17 1 10 12 11 8 14 5
20 17 10 8 16 14 5 18 4 15 11
21 5 1 14 8 3 7 10 15 2 4
22 OP 8 14 5 12 3 1 
23 5 1 14 3 13 15 6 7 9 2
25 6 14 8 5 7 3 1
26 8 OP 16 15 7 5 18 11 4 14
27 OP 15 14 8 16 5 1 17 6

